ABC
C
H  1 R1
H  1 R2 2 A1
O  1 R3 2 A2 3 T1
C  1 R4 2 A3 3 T2
H  5 R5 1 A4 2 T3
H  5 R6 1 A5 2 T4

R1 = 1.107654
R2 = 1.107654
A1 = 102.411426
R3 = 1.431123
A2 = 101.788898
T1 = -105.048361
R4 = 1.484263
A3 = 112.309098
T2 = 120.692719
R5 = 1.103725
A4 = 109.029791
T3 = 64.490470
R6 = 1.103725
A5 = 109.029791
T4 = -179.291864

*CFOUR(CALC=CCSD(T), BASIS=AUG-PVTZ
REF = UHF, CC_PROG=VCC
GEO_CONV=7, SCF_CONV=10, CC_CONV=10, LINEQ_CONV=10
SCF_MAXCYC = 200, CC_MAXCYC = 200
CHARGE = -1, MULT = 2
FROZEN_CORE=ON, MEM_UNIT=GB, MEM=64)
