ABC
C
H  1 R1
H  1 R2 2 A1
O  1 R3 2 A2 3 T1
C  1 R4 2 A3 3 T2
H  5 R5 1 A4 2 T3
H  5 R6 1 A5 2 T4

R1 = 1.086666
R2 = 1.086666
A1 = 110.482507
R3 = 1.405988
A2 = 108.832342
T1 = -119.437414
R4 = 1.508967
A3 = 108.049977
T2 = 118.008803
R5 = 1.072783
A4 = 119.902913
T3 = 34.938293
R6 = 1.072783
A5 = 119.902913
T4 = -154.494942

*CFOUR(CALC=CCSD(T), BASIS=AUG-PVTZ
REF = UHF, CC_PROG=VCC
GEO_CONV=7, SCF_CONV=10, CC_CONV=10, LINEQ_CONV=10
SCF_MAXCYC = 200, CC_MAXCYC = 200
CHARGE = 0, MULT = 3
FROZEN_CORE=ON, MEM_UNIT=GB, MEM=64)
