ABC
C
H  1 R1
H  1 R2 2 A1
C  1 R3 2 A2 3 T1
H  4 R4 1 A3 2 T2
H  4 R5 1 A4 2 T3
O  1 R6 2 A5 3 T4

R1 = 1.089421
R2 = 1.089421
A1 = 115.381299
R3 = 1.405049
A2 = 109.694662
T1 = 124.472541
R4 = 1.077709
A3 = 121.408612
T2 = 26.593620
R5 = 1.077709
A4 = 121.408612
T3 = -154.305134
R6 = 1.516696
A5 = 101.958218
T4 = -109.566745

*CFOUR(CALC=CCSD(T), BASIS=AUG-PVTZ
REF = UHF, CC_PROG=VCC
GEO_CONV=7, SCF_CONV=10, CC_CONV=10, LINEQ_CONV=10
SCF_MAXCYC = 200, CC_MAXCYC = 200
CHARGE = 0, MULT = 1
FROZEN_CORE=ON, MEM_UNIT=GB, MEM=64)
