ABC
C
H  1 R1
H  1 R2 2 A1
O  1 R3 2 A2 3 T1
C  1 R4 2 A3 3 T2
H  5 R5 1 A4 2 T3
H  5 R6 1 A5 2 T4

R1 = 1.122427
R2 = 1.122428
A1 = 104.287926
R3 = 1.344858
A2 = 115.188755
T1 = -127.237260
R4 = 1.515388
A3 = 108.858895
T2 = 116.069990
R5 = 1.090103
A4 = 114.459199
T3 = -170.395282
R6 = 1.090103
A5 = 114.459180
T4 = 57.300031

*CFOUR(CALC=CCSD(T), BASIS=AUG-PVTZ
REF = UHF, CC_PROG=VCC
GEO_CONV=7, SCF_CONV=10, CC_CONV=10, LINEQ_CONV=10
SCF_MAXCYC = 200, CC_MAXCYC = 200
CHARGE = -1, MULT = 2
FROZEN_CORE=ON, MEM_UNIT=GB, MEM=64)
